# Created by Octave 8.4.0, Sun Sep 22 16:26:06 2024 CST <jimena@jimena-HP-14-dq2>
# name: SOS
# type: matrix
# rows: 2
# columns: 6
 1.140687092391834e-05 2.2813844373708404e-05 1.1406973450711602e-05 1 -1.968701419286548 0.97195234333885239
 1 0.99999101191970685 0 1 -0.97192952959778245 0


