# Created by Octave 8.4.0, Wed Sep 18 19:33:04 2024 CST <justin@justin-HP-ZBook-Studio-G3>
# name: SOS
# type: matrix
# rows: 2
# columns: 6
 0.93280071023636713 -1.8654054575679808 0.93280071023019673 1 -1.969708263369786 0.97298122210885962
 1 -1.000000000006614 0 1 -0.89262019836387996 0


